LESTE;NORTE;CMA
               677773;        7184160.5;     3.53074765205383
            677773.25;        7184160.5;     5.34227132797241
             677773.5;        7184160.5;     7.16913890838623
            677773.75;        7184160.5;     8.31918621063232
               677774;        7184160.5;     8.56857872009277
            677774.25;        7184160.5;     8.60347938537598
             677774.5;        7184160.5;      10.013144493103
            677774.75;        7184160.5;     12.3205375671387
               677775;        7184160.5;     15.2235164642334
            677775.25;        7184160.5;     18.5693855285645
             677775.5;        7184160.5;     22.7432899475098
            677775.75;        7184160.5;     28.4477500915527
               677776;        7184160.5;     34.4771423339844
            677776.25;        7184160.5;     38.8854522705078
             677776.5;        7184160.5;     41.1301155090332
            677776.75;        7184160.5;     40.5785179138184
               677777;        7184160.5;     39.7068405151367
            677777.25;        7184160.5;     39.4461479187012
             677777.5;        7184160.5;      39.463062286377
               677773;       7184160.75;    -5.62759208679199
            677773.25;       7184160.75;    -2.93994998931885
             677773.5;       7184160.75;   -0.723480880260468
            677773.75;       7184160.75;    0.415274560451508
               677774;       7184160.75;    0.398791551589966
            677774.25;       7184160.75;   -0.285398930311203
             677774.5;       7184160.75;    0.248621925711632
            677774.75;       7184160.75;     2.10349726676941
               677775;       7184160.75;     3.85886192321777
            677775.25;       7184160.75;     5.86739635467529
             677775.5;       7184160.75;     10.1701955795288
            677775.75;       7184160.75;     17.5164184570313
               677776;       7184160.75;      25.665994644165
            677776.25;       7184160.75;     31.7102127075195
             677776.5;       7184160.75;     35.8864707946777
            677776.75;       7184160.75;        35.7275390625
               677777;       7184160.75;      35.155632019043
            677777.25;       7184160.75;     35.7661819458008
             677777.5;       7184160.75;     36.5934677124023
               677773;          7184161;    -15.3567018508911
            677773.25;          7184161;    -12.2438144683838
             677773.5;          7184161;    -10.3837490081787
            677773.75;          7184161;    -10.0822877883911
               677774;          7184161;    -10.8321199417114
            677774.25;          7184161;    -13.1509065628052
             677774.5;          7184161;    -13.2815799713135
            677774.75;          7184161;     -11.760124206543
               677775;          7184161;    -12.5204553604126
            677775.25;          7184161;    -12.5476531982422
             677775.5;          7184161;    -7.83108425140381
            677775.75;          7184161;     1.64813804626465
               677776;          7184161;     11.2069759368896
            677776.25;          7184161;     19.0466079711914
             677776.5;          7184161;     24.0905704498291
            677776.75;          7184161;     25.8139095306396
               677777;          7184161;     26.7640800476074
            677777.25;          7184161;     29.5055484771729
             677777.5;          7184161;      31.946361541748
               677773;       7184161.25;    -24.6384391784668
            677773.25;       7184161.25;    -21.6301155090332
             677773.5;       7184161.25;    -20.9558143615723
            677773.75;       7184161.25;     -22.847749710083
               677774;       7184161.25;    -26.4771842956543
            677774.25;       7184161.25;    -30.3338184356689
             677774.5;       7184161.25;    -31.5284805297852
            677774.75;       7184161.25;    -30.8899059295654
               677775;       7184161.25;    -36.0615386962891
            677775.25;       7184161.25;    -38.4275398254395
             677775.5;       7184161.25;    -32.4473419189453
            677775.75;       7184161.25;    -18.7944946289063
               677776;       7184161.25;    -6.80076742172241
            677776.25;       7184161.25;     3.55252265930176
             677776.5;       7184161.25;     9.81695365905762
            677776.75;       7184161.25;     13.7223148345947
               677777;       7184161.25;     17.4228172302246
            677777.25;       7184161.25;     21.9382762908936
             677777.5;       7184161.25;      26.075439453125
               677773;        7184161.5;    -32.8547325134277
            677773.25;        7184161.5;    -30.0052890777588
             677773.5;        7184161.5;    -30.5641975402832
            677773.75;        7184161.5;    -35.2808532714844
               677774;        7184161.5;    -42.4534225463867
            677774.25;        7184161.5;    -49.9203681945801
             677774.5;        7184161.5;     -55.573169708252
            677774.75;        7184161.5;     -60.741512298584
               677775;        7184161.5;    -69.0373840332031
            677775.25;        7184161.5;    -74.0343551635742
             677775.5;        7184161.5;    -67.4380874633789
            677775.75;        7184161.5;    -46.8782119750977
               677776;        7184161.5;    -30.7650966644287
            677776.25;        7184161.5;    -15.0102586746216
             677776.5;        7184161.5;    -6.68282604217529
            677776.75;        7184161.5;   -0.304282248020172
               677777;        7184161.5;     6.10400772094727
            677777.25;        7184161.5;     12.5969505310059
             677777.5;        7184161.5;     18.4691047668457
               677773;       7184161.75;    -40.5595512390137
            677773.25;       7184161.75;    -36.5866546630859
             677773.5;       7184161.75;    -37.6611709594727
            677773.75;       7184161.75;    -44.7376823425293
               677774;       7184161.75;     -55.459789276123
            677774.25;       7184161.75;    -67.6574401855469
             677774.5;       7184161.75;    -79.3407135009766
            677774.75;       7184161.75;    -90.7982330322266
               677775;       7184161.75;    -105.284660339355
            677775.25;       7184161.75;    -118.222434997559
             677775.5;       7184161.75;    -118.185699462891
            677775.75;       7184161.75;    -96.4129028320313
               677776;       7184161.75;    -67.8784790039063
            677776.25;       7184161.75;    -40.1287002563477
             677776.5;       7184161.75;     -28.034049987793
            677776.75;       7184161.75;    -17.6721134185791
               677777;       7184161.75;    -7.63446426391602
            677777.25;       7184161.75;     1.83744287490845
             677777.5;       7184161.75;     10.4204921722412
               677773;          7184162;    -44.5812759399414
            677773.25;          7184162;    -40.1008644104004
             677773.5;          7184162;    -41.3824157714844
            677773.75;          7184162;    -48.8478584289551
               677774;          7184162;    -61.9262466430664
            677774.25;          7184162;    -78.4289627075195
             677774.5;          7184162;    -95.8763275146484
            677774.75;          7184162;    -112.302757263184
               677775;          7184162;    -135.490936279297
            677775.25;          7184162;    -161.656021118164
             677775.5;          7184162;    -174.087142944336
            677775.75;          7184162;    -150.676116943359
               677776;          7184162;    -113.534172058105
            677776.25;          7184162;    -81.0446472167969
             677776.5;          7184162;    -58.2448577880859
            677776.75;          7184162;    -39.5376472473145
               677777;          7184162;     -23.582067489624
            677777.25;          7184162;    -9.50934600830078
             677777.5;          7184162;     2.95721912384033
               677773;       7184162.25;    -43.3340835571289
            677773.25;       7184162.25;    -37.8490180969238
             677773.5;       7184162.25;    -37.8135871887207
            677773.75;       7184162.25;    -44.5649528503418
               677774;       7184162.25;    -58.0231819152832
            677774.25;       7184162.25;    -76.0515441894531
             677774.5;       7184162.25;    -97.0290679931641
            677774.75;       7184162.25;    -115.581237792969
               677775;       7184162.25;     -148.03955078125
            677775.25;       7184162.25;    -189.099517822266
             677775.5;       7184162.25;    -214.731750488281
            677775.75;       7184162.25;    -193.066009521484
               677776;       7184162.25;    -150.173202514648
            677776.25;       7184162.25;    -116.348648071289
             677776.5;       7184162.25;     -86.688117980957
            677776.75;       7184162.25;    -60.6843795776367
               677777;       7184162.25;    -38.5650825500488
            677777.25;       7184162.25;    -19.3174362182617
             677777.5;       7184162.25;    -2.60342001914978
               677773;        7184162.5;    -36.6513061523438
            677773.25;        7184162.5;    -29.1215667724609
             677773.5;        7184162.5;    -26.7133750915527
            677773.75;        7184162.5;    -31.0772533416748
               677774;        7184162.5;    -40.8488159179688
            677774.25;        7184162.5;    -52.6228103637695
             677774.5;        7184162.5;     -67.519889831543
            677774.75;        7184162.5;    -89.6602783203125
               677775;        7184162.5;    -130.937866210938
            677775.25;        7184162.5;    -186.719528198242
             677775.5;        7184162.5;    -231.696502685547
            677775.75;        7184162.5;    -212.390960693359
               677776;        7184162.5;    -174.122634887695
            677776.25;        7184162.5;    -138.005493164063
             677776.5;        7184162.5;    -104.239120483398
            677776.75;        7184162.5;    -73.8899917602539
               677777;        7184162.5;    -47.7027587890625
            677777.25;        7184162.5;    -24.1880493164063
             677777.5;        7184162.5;    -5.01790380477905
               677773;       7184162.75;    -25.9302368164063
            677773.25;       7184162.75;    -15.6568975448608
             677773.5;       7184162.75;    -9.98487758636475
            677773.75;       7184162.75;    -9.78920364379883
               677774;       7184162.75;    -11.5887317657471
            677774.25;       7184162.75;    -12.9942474365234
             677774.5;       7184162.75;    -17.9487113952637
            677774.75;       7184162.75;    -35.0495491027832
               677775;       7184162.75;    -74.2550659179688
            677775.25;       7184162.75;    -129.357604980469
             677775.5;       7184162.75;     -170.43879699707
            677775.75;       7184162.75;    -174.638580322266
               677776;       7184162.75;    -155.283432006836
            677776.25;       7184162.75;    -130.601898193359
             677776.5;       7184162.75;    -101.748382568359
            677776.75;       7184162.75;    -73.2797393798828
               677777;       7184162.75;    -46.9792976379395
            677777.25;       7184162.75;    -23.1618137359619
             677777.5;       7184162.75;    -3.59277868270874
               677773;          7184163;    -12.4603404998779
            677773.25;          7184163;    0.412522584199905
             677773.5;          7184163;     10.3414058685303
            677773.75;          7184163;     17.3703842163086
               677774;          7184163;     25.6032981872559
            677774.25;          7184163;     36.5251083374023
             677774.5;          7184163;     45.5683937072754
            677774.75;          7184163;     42.5857582092285
               677775;          7184163;     15.5242071151733
            677775.25;          7184163;    -34.8010101318359
             677775.5;          7184163;    -69.8242263793945
            677775.75;          7184163;    -88.1952209472656
               677776;          7184163;    -95.5402526855469
            677776.25;          7184163;    -94.0610275268555
             677776.5;          7184163;    -78.6120834350586
            677776.75;          7184163;    -59.2169532775879
               677777;          7184163;    -38.3580551147461
            677777.25;          7184163;    -18.5020275115967
             677777.5;          7184163;    -2.62769174575806
               677773;       7184163.25;     3.25785279273987
            677773.25;       7184163.25;     18.2187976837158
             677773.5;       7184163.25;     32.3900375366211
            677773.75;       7184163.25;     46.2886199951172
               677774;       7184163.25;     63.9027862548828
            677774.25;       7184163.25;     87.3805236816406
             677774.5;       7184163.25;     113.129524230957
            677774.75;       7184163.25;     131.532409667969
               677775;       7184163.25;     127.517967224121
            677775.25;       7184163.25;     87.5424423217773
             677775.5;       7184163.25;     48.7690048217773
            677775.75;       7184163.25;     16.5643348693848
               677776;       7184163.25;    -15.6719522476196
            677776.25;       7184163.25;    -35.4707832336426
             677776.5;       7184163.25;    -40.4435157775879
            677776.75;       7184163.25;    -35.9559173583984
               677777;       7184163.25;    -24.6043548583984
            677777.25;       7184163.25;    -10.4027147293091
             677777.5;       7184163.25;    0.886427700519562
               677773;        7184163.5;     20.0266628265381
            677773.25;        7184163.5;     35.9211006164551
             677773.5;        7184163.5;     52.9012565612793
            677773.75;        7184163.5;     71.4223785400391
               677774;        7184163.5;     95.8912734985352
            677774.25;        7184163.5;     129.309280395508
             677774.5;        7184163.5;     169.301742553711
            677774.75;        7184163.5;     207.342712402344
               677775;        7184163.5;     227.519195556641
            677775.25;        7184163.5;     187.097244262695
             677775.5;        7184163.5;     143.774597167969
            677775.75;        7184163.5;     96.0795822143555
               677776;        7184163.5;     52.5592460632324
            677776.25;        7184163.5;     19.5143642425537
             677776.5;        7184163.5;      -1.007493019104
            677776.75;        7184163.5;    -10.4313650131226
               677777;        7184163.5;    -9.28943538665771
            677777.25;        7184163.5;    -2.73884844779968
             677777.5;        7184163.5;     5.54317378997803
               677773;       7184163.75;      35.930347442627
            677773.25;       7184163.75;     51.3866958618164
             677773.5;       7184163.75;     69.0021438598633
            677773.75;       7184163.75;     89.3262939453125
               677774;       7184163.75;     117.730087280273
            677774.25;       7184163.75;     155.942443847656
             677774.5;       7184163.75;     200.297393798828
            677774.75;       7184163.75;     240.427871704102
               677775;       7184163.75;     257.472961425781
            677775.25;       7184163.75;     225.169250488281
             677775.5;       7184163.75;     185.509979248047
            677775.75;       7184163.75;      141.44157409668
               677776;       7184163.75;     98.9595336914063
            677776.25;       7184163.75;     61.6629638671875
             677776.5;       7184163.75;     33.1713562011719
            677776.75;       7184163.75;     15.3807563781738
               677777;       7184163.75;     7.68531703948975
            677777.25;       7184163.75;     7.13149738311768
             677777.5;       7184163.75;     12.4919319152832
               677773;          7184164;     50.6937522888184
            677773.25;          7184164;     64.0757827758789
             677773.5;          7184164;     80.3710250854492
            677773.75;          7184164;     99.9639053344727
               677774;          7184164;     129.441497802734
            677774.25;          7184164;     167.298065185547
             677774.5;          7184164;     209.009399414063
            677774.75;          7184164;     245.011703491211
               677775;          7184164;     259.377014160156
            677775.25;          7184164;     223.399307250977
             677775.5;          7184164;     193.889511108398
            677775.75;          7184164;      160.48291015625
               677776;          7184164;     124.977195739746
            677776.25;          7184164;     89.9721527099609
             677776.5;          7184164;     59.4809951782227
            677776.75;          7184164;     38.1849174499512
               677777;          7184164;      25.524959564209
            677777.25;          7184164;     21.1727027893066
             677777.5;          7184164;     22.7481060028076
               677773;       7184164.25;     62.3953285217285
            677773.25;       7184164.25;     73.7626495361328
             677773.5;       7184164.25;     88.6416473388672
            677773.75;       7184164.25;      107.40022277832
               677774;       7184164.25;     133.632751464844
            677774.25;       7184164.25;     166.265197753906
             677774.5;       7184164.25;     200.178741455078
            677774.75;       7184164.25;     226.260711669922
               677775;       7184164.25;      231.62809753418
            677775.25;       7184164.25;     208.753311157227
             677775.5;       7184164.25;     187.946395874023
            677775.75;       7184164.25;      164.60270690918
               677776;       7184164.25;     137.419448852539
            677776.25;       7184164.25;     107.672660827637
             677776.5;       7184164.25;     79.3945541381836
            677776.75;       7184164.25;     57.3985633850098
               677777;       7184164.25;     41.9242248535156
            677777.25;       7184164.25;      35.482982635498
             677777.5;       7184164.25;     34.3503952026367
               677773;        7184164.5;     70.8838653564453
            677773.25;        7184164.5;     80.1940689086914
             677773.5;        7184164.5;     93.1336212158203
            677773.75;        7184164.5;      109.76335144043
               677774;        7184164.5;     131.530212402344
            677774.25;        7184164.5;      157.39990234375
             677774.5;        7184164.5;     182.916168212891
            677774.75;        7184164.5;     200.873962402344
               677775;        7184164.5;     200.594833374023
            677775.25;        7184164.5;     183.631317138672
             677775.5;        7184164.5;     173.881561279297
            677775.75;        7184164.5;     160.091033935547
               677776;        7184164.5;     140.846603393555
            677776.25;        7184164.5;     116.972381591797
             677776.5;        7184164.5;     92.1288604736328
            677776.75;        7184164.5;     72.4580535888672
               677777;        7184164.5;     57.2174377441406
            677777.25;        7184164.5;     48.9730377197266
             677777.5;        7184164.5;     45.6567420959473
               677773;       7184164.75;     76.8325042724609
            677773.25;       7184164.75;     83.9859466552734
             677773.5;       7184164.75;     94.6140441894531
            677773.75;       7184164.75;      108.60018157959
               677774;       7184164.75;     125.832496643066
            677774.25;       7184164.75;     145.057876586914
             677774.5;       7184164.75;     163.158416748047
            677774.75;       7184164.75;     175.767318725586
               677775;       7184164.75;     177.263702392578
            677775.25;       7184164.75;      169.49365234375
             677775.5;       7184164.75;     162.694961547852
            677775.75;       7184164.75;     153.386001586914
               677776;       7184164.75;     139.720123291016
            677776.25;       7184164.75;     120.827255249023
             677776.5;       7184164.75;     97.7354049682617
            677776.75;       7184164.75;     80.3551025390625
               677777;       7184164.75;     67.5092239379883
            677777.25;       7184164.75;     59.3998908996582
             677777.5;       7184164.75;     54.9356536865234
               677773;          7184165;     81.3340225219727
            677773.25;          7184165;     86.5711898803711
             677773.5;          7184165;     94.9426803588867
            677773.75;          7184165;     106.542770385742
               677774;          7184165;     119.696838378906
            677774.25;          7184165;     133.224578857422
             677774.5;          7184165;     145.725250244141
            677774.75;          7184165;     155.783233642578
               677775;          7184165;     159.169631958008
            677775.25;          7184165;     156.565948486328
             677775.5;          7184165;     152.253784179688
            677775.75;          7184165;      145.91178894043
               677776;          7184165;     136.340576171875
            677776.25;          7184165;     122.171363830566
             677776.5;          7184165;     98.7266693115234
            677776.75;          7184165;     84.7125930786133
               677777;          7184165;     74.4427642822266
            677777.25;          7184165;     67.1801376342773
             677777.5;          7184165;     62.4613914489746
               677773;       7184165.25;     85.4423141479492
            677773.25;       7184165.25;     89.5697784423828
             677773.5;       7184165.25;     96.7505111694336
            677773.75;       7184165.25;     105.819206237793
               677774;       7184165.25;     115.223022460938
            677774.25;       7184165.25;     124.157005310059
             677774.5;       7184165.25;     132.286560058594
            677774.75;       7184165.25;     141.079498291016
               677775;       7184165.25;     144.737380981445
            677775.25;       7184165.25;     144.073791503906
             677775.5;       7184165.25;     141.445648193359
            677775.75;       7184165.25;      137.00764465332
               677776;       7184165.25;     129.759338378906
            677776.25;       7184165.25;      118.22509765625
             677776.5;       7184165.25;     101.920486450195
            677776.75;       7184165.25;     89.5522537231445
               677777;       7184165.25;     80.3750686645508
            677777.25;       7184165.25;     73.6553955078125
             677777.5;       7184165.25;     69.0790786743164
               677773;        7184165.5;     89.6873016357422
            677773.25;        7184165.5;     93.1722259521484
             677773.5;        7184165.5;     99.4058151245117
            677773.75;        7184165.5;     106.400848388672
               677774;        7184165.5;      112.91886138916
            677774.25;        7184165.5;     118.886825561523
             677774.5;        7184165.5;     124.934394836426
            677774.75;        7184165.5;     131.331512451172
               677775;        7184165.5;      133.06510925293
            677775.25;        7184165.5;     132.197830200195
             677775.5;        7184165.5;     130.478561401367
            677775.75;        7184165.5;     127.565734863281
               677776;        7184165.5;     122.602699279785
            677776.25;        7184165.5;     114.138961791992
             677776.5;        7184165.5;     103.190879821777
            677776.75;        7184165.5;     93.2556457519531
               677777;        7184165.5;     85.3588638305664
            677777.25;        7184165.5;     79.4079437255859
             677777.5;        7184165.5;     75.2005767822266
               677773;       7184165.75;     94.8200759887695
            677773.25;       7184165.75;     97.0836944580078
             677773.5;       7184165.75;     102.428833007813
            677773.75;       7184165.75;     107.598182678223
               677774;       7184165.75;     111.631118774414
            677774.25;       7184165.75;     114.716728210449
             677774.5;       7184165.75;     118.263580322266
            677774.75;       7184165.75;     121.727096557617
               677775;       7184165.75;     122.424819946289
            677775.25;       7184165.75;     120.951919555664
             677775.5;       7184165.75;     119.790458679199
            677775.75;       7184165.75;        117.962890625
               677776;       7184165.75;     115.014060974121
            677776.25;       7184165.75;     109.609275817871
             677776.5;       7184165.75;     102.352210998535
            677776.75;       7184165.75;       95.12744140625
               677777;       7184165.75;       89.06689453125
            677777.25;       7184165.75;     84.5830917358398
             677777.5;       7184165.75;     81.5914154052734
               677773;          7184166;     101.234664916992
            677773.25;          7184166;     101.390014648438
             677773.5;          7184166;     105.764381408691
            677773.75;          7184166;     108.562934875488
               677774;          7184166;     109.819664001465
            677774.25;          7184166;     109.696846008301
             677774.5;          7184166;     111.531936645508
            677774.75;          7184166;     113.642387390137
               677775;          7184166;     114.075080871582
            677775.25;          7184166;     112.469596862793
             677775.5;          7184166;     110.686058044434
            677775.75;          7184166;     109.053642272949
               677776;          7184166;      108.00862121582
            677776.25;          7184166;     104.963912963867
             677776.5;          7184166;      100.19556427002
            677776.75;          7184166;     95.1788635253906
               677777;          7184166;     90.9927444458008
            677777.25;          7184166;      88.149055480957
             677777.5;          7184166;     86.3046951293945
               677773;       7184166.25;     110.083587646484
            677773.25;       7184166.25;     110.437805175781
             677773.5;       7184166.25;     110.537979125977
            677773.75;       7184166.25;     107.929267883301
               677774;       7184166.25;     104.511047363281
            677774.25;       7184166.25;     100.477821350098
             677774.5;       7184166.25;     102.833297729492
            677774.75;       7184166.25;     105.825645446777
               677775;       7184166.25;     107.628562927246
            677775.25;       7184166.25;     105.978637695313
             677775.5;       7184166.25;     103.396041870117
            677775.75;       7184166.25;     101.260025024414
               677776;       7184166.25;     101.778221130371
            677776.25;       7184166.25;      100.21940612793
             677776.5;       7184166.25;     97.1067733764648
            677776.75;       7184166.25;     93.6695709228516
               677777;       7184166.25;     91.0178527832031
            677777.25;       7184166.25;     89.7780227661133
             677777.5;       7184166.25;     88.9260406494141
               677773;        7184166.5;     118.497116088867
            677773.25;        7184166.5;     119.127586364746
             677773.5;        7184166.5;     115.063438415527
            677773.75;        7184166.5;     103.170845031738
               677774;        7184166.5;     87.3698654174805
            677774.25;        7184166.5;     82.2138366699219
             677774.5;        7184166.5;     89.8920822143555
            677774.75;        7184166.5;     96.9916305541992
               677775;        7184166.5;     102.785713195801
            677775.25;        7184166.5;     101.588729858398
             677775.5;        7184166.5;     98.9284515380859
            677775.75;        7184166.5;     97.4446105957031
               677776;        7184166.5;     98.4735336303711
            677776.25;        7184166.5;     96.8647308349609
             677776.5;        7184166.5;     94.3059692382813
            677776.75;        7184166.5;     91.5838088989258
               677777;        7184166.5;     89.7569351196289
            677777.25;        7184166.5;     89.5025634765625
             677777.5;        7184166.5;     89.8044662475586
